$ANSIBLE_VAULT;1.1;AES256
30373661656235313064323237636166303635393761373161626664383238643134383538666530
3063313039393531633565633438343130616364343666620a363934326664623134363036333965
36393131653063396465346431393834326231373830333836326138613337646632303966373364
3263393931646639300a336465363037363665353362326637393162626530326139323130363761
37366132626362313265383863626464383535323736336561343431656539623966336462366266
38343465323433353333653738663030656636396238373532356331313934343933366639336232
34353563393833333135363561313839333831353431633635653235333738663938363434376266
31666433646130353533633036303633333637616630336630373034303765653062383162316531
37343337316333393730316631653062313464393364306437313538636263376635623461346261
65386633376230383631383537636564656238316233363637326366343432356438313338636666
65376137373939373636353833383335373637353730643732633065663530376133623634643961
61663133316332663031623333613231306330353561306331663033303261663031343963363635
64383137313466333665393863336635316465316562303939303634333861376331393264383962
35616331646362373731323961363466303463656662306161636562313834343037346130616230
35303130643439303035366339353235316366623435316333643461393930386633306638333564
33363234616263613231646231383734633265333434373762666561616232303636363633613934
37333931623963366364353733663961326163623137306664333331303865316339636231356530
30373062313631633466356566363631353065363539633165623130643861363832653339393165
34623564663938323030326338313735653961303564393931336132616462623465646562623433
63613663326632613961363730316530613766383363613932343132396634373531646632356531
65623936643335376633323036393661333230383632346332323737666262336634376637303831
33633764303139653735666536376638326366323866623636623630643438343436303432333538
61323361393636303631633932636566633339393835353564376639626661613434363933313431
61303363623939343530
